,DATE / TIME (PST),SNOW WC INCHES,Unnamed: 2,SNO ADJ INCHES,Unnamed: 4,PPT INC INCHES,Unnamed: 6,RAIN INCHES,Unnamed: 8
0,10/01/2016,-0.12,,0.00,r,0.00,,0.0,
1,10/02/2016,0.24,,0.00,r,0.00,,0.0,
2,10/03/2016,0.36,,0.00,r,0.00,,0.0,
3,10/04/2016,0.36,,0.00,r,0.00,,0.0,
4,10/05/2016,0.24,,0.00,r,0.00,,0.0,
5,10/06/2016,0.24,,0.00,r,0.00,,0.0,
6,10/07/2016,0.36,,0.00,r,0.00,,0.0,
7,10/08/2016,0.36,,0.00,r,0.00,,0.0,
8,10/09/2016,0.36,,0.00,r,0.00,,0.0,
9,10/10/2016,0.36,,0.00,r,0.00,,0.0,
10,10/11/2016,0.36,,0.00,r,0.00,,0.0,
11,10/12/2016,-0.12,,0.00,r,0.20,,0.2,
12,10/13/2016,0.12,,0.00,r,0.00,,0.2,
13,10/14/2016,0.12,,0.00,r,1.56,,1.76,
14,10/15/2016,0.12,,0.00,r,1.36,,3.12,
15,10/16/2016,0.0,,0.00,r,1.12,,4.24,
16,10/17/2016,0.6,,0.00,r,0.64,,4.88,
17,10/18/2016,0.48,,0.00,r,0.24,,5.12,
18,10/19/2016,0.72,,0.00,r,0.12,,5.24,
19,10/20/2016,0.12,,0.00,r,0.16,,5.4,
20,10/21/2016,0.0,,0.00,r,0.00,,5.4,
21,10/22/2016,0.0,,0.00,r,0.00,,5.4,
22,10/23/2016,0.0,,0.00,r,0.00,,5.4,
23,10/24/2016,0.0,,0.00,r,0.56,,5.96,
24,10/25/2016,0.0,,0.00,r,1.64,,7.6,
25,10/26/2016,0.0,,0.00,r,0.32,,7.92,
26,10/27/2016,0.0,,0.00,r,0.16,,8.08,
27,10/28/2016,0.0,,0.00,r,0.56,,8.64,
28,10/29/2016,0.0,,0.00,r,0.84,,9.48,
29,10/30/2016,0.0,,0.00,r,1.04,,10.52,
30,10/31/2016,0.72,,0.00,r,0.60,,11.12,
31,11/01/2016,1.08,,0.00,r,0.68,,11.8,
32,11/02/2016,1.08,,0.00,r,0.28,,12.08,
33,11/03/2016,1.32,,0.00,r,0.00,,12.08,
34,11/04/2016,1.32,,1.20,r,0.08,,12.16,
35,11/05/2016,1.08,,0.96,r,0.00,,12.16,
36,11/06/2016,0.96,,0.84,r,0.00,,12.16,
37,11/07/2016,0.6,,0.00,r,0.00,,12.16,
38,11/08/2016,0.24,,0.00,r,0.00,,12.16,
39,11/09/2016,0.0,,0.00,r,0.00,,12.16,
40,11/10/2016,0.0,,0.00,r,0.00,,12.16,
41,11/11/2016,0.0,,0.00,r,0.00,,12.16,
42,11/12/2016,0.0,,0.00,r,0.00,,12.16,
43,11/13/2016,-0.12,,0.00,r,0.00,,12.16,
44,11/14/2016,-0.12,,0.00,r,0.00,,12.16,
45,11/15/2016,-0.12,,0.00,r,0.00,,12.16,
46,11/16/2016,-0.12,,0.00,,0.00,,12.16,
47,11/17/2016,0.6,,0.60,,0.00,,12.16,
48,11/18/2016,1.08,,1.08,,0.00,,12.16,
49,11/19/2016,1.08,,1.08,,1.72,,13.88,
50,11/20/2016,3.36,,3.36,,0.24,,14.12,
51,11/21/2016,2.64,,2.64,,0.20,,14.32,
52,11/22/2016,2.04,,2.04,,0.32,,14.64,
53,11/23/2016,2.4,,2.40,,0.44,,15.08,
54,11/24/2016,2.64,,2.64,,0.04,,15.12,
55,11/25/2016,2.64,,2.64,,0.04,,15.16,
56,11/26/2016,2.76,,2.76,,0.76,,15.92,
57,11/27/2016,3.72,,3.72,,0.52,,16.44,
58,11/28/2016,3.96,,3.96,,0.48,,16.92,
59,11/29/2016,4.2,,4.20,,0.00,,16.92,
60,11/30/2016,4.32,,4.32,,0.16,,17.08,
61,12/01/2016,4.44,,4.44,,0.00,,17.08,
62,12/02/2016,4.44,,4.44,,0.00,,17.08,
63,12/03/2016,4.44,,4.44,,0.08,,17.16,
64,12/04/2016,4.56,,4.56,,0.00,,17.16,
65,12/05/2016,4.56,,4.56,,0.00,,17.16,
66,12/06/2016,4.56,,4.56,,0.00,,17.16,
67,12/07/2016,4.44,,4.44,,0.08,,17.24,
68,12/08/2016,4.68,,4.68,,0.56,,17.8,
69,12/09/2016,4.68,,4.68,,0.56,,18.36,
70,12/10/2016,4.08,,4.08,,3.08,,21.44,
71,12/11/2016,3.96,,3.96,,0.00,,21.44,
72,12/12/2016,3.84,,3.84,,0.04,,21.48,
73,12/13/2016,3.72,,3.72,,0.36,,21.84,
74,12/14/2016,4.08,,4.08,,0.84,,22.68,
75,12/15/2016,4.2,,4.20,,3.24,,25.92,
76,12/16/2016,4.08,,4.08,,0.12,,26.04,
77,12/17/2016,4.08,,4.08,,0.00,,26.04,
78,12/18/2016,3.96,,3.96,,0.00,,26.04,
79,12/19/2016,0.72,,3.50,e,0.16,,26.2,
80,12/20/2016,2.88,,3.30,e,0.12,,26.32,
81,12/21/2016,3.36,,3.36,,0.00,,26.32,
82,12/22/2016,2.64,,2.64,,0.00,,26.32,
83,12/23/2016,2.04,,2.04,,0.84,,27.16,
84,12/24/2016,3.12,,3.12,,0.36,,27.52,
85,12/25/2016,3.84,,3.84,,0.00,,27.52,
86,12/26/2016,4.2,,4.20,,0.00,,27.52,
87,12/27/2016,3.96,,3.96,,0.12,,27.64,
88,12/28/2016,3.6,,3.96,r,0.04,,27.68,
89,12/29/2016,3.72,,3.96,r,0.04,,27.72,
90,12/30/2016,3.96,,3.96,,0.04,,27.76,
91,12/31/2016,4.08,,4.08,,0.00,,27.76,
92,01/01/2017,4.32,,4.32,,0.28,,28.04,
93,01/02/2017,4.68,,4.68,,1.00,,29.04,
94,01/03/2017,5.76,,5.76,,2.00,,31.04,
95,01/04/2017,7.68,,7.68,,1.28,,32.32,
96,01/05/2017,9.24,,9.24,,0.12,,32.44,
97,01/06/2017,9.84,,9.84,,0.04,,32.48,
98,01/07/2017,10.68,,10.68,,2.00,,34.48,
99,01/08/2017,11.4,,11.40,,5.92,,40.4,
100,01/09/2017,10.56,,10.56,,1.64,,42.04,
101,01/10/2017,12.24,,12.24,,3.88,,45.92,
102,01/11/2017,15.36,,15.36,,1.04,,46.96,
103,01/12/2017,16.32,,16.32,,0.40,,47.36,
104,01/13/2017,16.8,,16.80,,0.04,,47.4,
105,01/14/2017,17.04,,17.04,,0.00,,47.4,
106,01/15/2017,17.16,,17.16,,0.00,,47.4,
107,01/16/2017,17.28,,17.28,,0.00,,47.4,
108,01/17/2017,17.52,,17.52,,0.04,,47.44,
109,01/18/2017,17.64,,17.64,,1.60,,49.04,
110,01/19/2017,20.28,,20.28,,2.08,,51.12,
111,01/20/2017,21.72,,21.72,,1.96,,53.08,
112,01/21/2017,23.52,,23.52,,0.76,,53.84,
113,01/22/2017,25.08,,25.08,,1.56,,55.4,
114,01/23/2017,26.28,,26.28,,0.12,,55.52,
115,01/24/2017,26.64,,26.64,,0.32,,55.84,
116,01/25/2017,26.76,,26.76,,0.04,,55.88,
117,01/26/2017,26.88,,26.88,,0.00,,55.88,
118,01/27/2017,26.64,,26.64,,0.00,,55.88,
119,01/28/2017,26.88,,26.88,,0.04,,55.92,
120,01/29/2017,26.88,,26.88,,0.00,,55.92,
121,01/30/2017,27.0,,27.00,,0.00,,55.92,
122,01/31/2017,27.0,,27.00,,0.00,,55.92,
123,02/01/2017,27.0,,27.00,,0.04,,55.96,
124,02/02/2017,27.0,,27.00,,0.84,,56.8,
125,02/03/2017,28.08,,28.08,,2.72,,59.52,
126,02/04/2017,30.0,,30.00,,0.72,,60.24,
127,02/05/2017,30.6,,30.60,,1.44,,61.68,
128,02/06/2017,32.04,,32.04,,1.20,,62.88,
129,02/07/2017,34.8,,34.80,,3.20,,66.08,
130,02/08/2017,35.04,,35.04,,2.32,,68.4,
131,02/09/2017,35.16,,35.16,,3.00,,71.4,
132,02/10/2017,35.04,,35.04,,0.36,,71.76,
133,02/11/2017,34.68,,34.68,,0.16,,71.92,
134,02/12/2017,34.92,,34.92,,0.00,,71.92,
135,02/13/2017,34.92,,34.92,,0.00,,71.92,
136,02/14/2017,34.92,,34.92,,0.00,,71.92,
137,02/15/2017,34.8,,34.80,,0.00,,71.92,
138,02/16/2017,34.8,,34.80,,1.44,,73.36,
139,02/17/2017,35.76,,35.76,,2.20,,75.56,
140,02/18/2017,37.92,,37.92,,0.84,,76.4,
141,02/19/2017,38.76,,38.76,,0.52,,76.92,
142,02/20/2017,39.84,,39.84,,3.56,,80.48,
143,02/21/2017,43.56,,43.56,,1.76,,82.24,
144,02/22/2017,45.0,,45.00,,0.60,,82.84,
145,02/23/2017,45.24,,45.24,,0.04,,82.88,
146,02/24/2017,45.48,,45.48,,0.04,,82.92,
147,02/25/2017,45.84,,45.84,,0.08,,83.0,
148,02/26/2017,46.08,,46.08,,0.20,,83.2,
149,02/27/2017,46.56,,46.56,,0.12,,83.32,
150,02/28/2017,46.8,,46.80,,0.04,,83.36,
151,03/01/2017,46.92,,46.92,,0.76,,84.12,
152,03/02/2017,46.92,,46.92,,0.04,,84.16,
153,03/03/2017,47.04,,47.04,,0.00,,84.16,
154,03/04/2017,47.04,,47.04,,1.20,,85.36,
155,03/05/2017,48.0,,48.00,,0.88,,86.24,
156,03/06/2017,48.84,,48.84,,0.36,,86.6,
157,03/07/2017,49.32,,49.32,,0.20,,86.8,
158,03/08/2017,49.68,,49.68,,0.08,,86.88,
159,03/09/2017,49.92,,49.92,,0.04,,86.92,
160,03/10/2017,49.92,,49.92,,0.00,,86.92,
161,03/11/2017,49.8,,49.80,,0.00,,86.92,
162,03/12/2017,49.8,,49.80,,0.00,,86.92,
163,03/13/2017,49.2,,49.20,,0.00,,86.92,
164,03/14/2017,48.6,,48.60,,0.00,,86.92,
165,03/15/2017,48.36,,48.36,,0.00,,86.92,
166,03/16/2017,48.24,,48.24,,0.00,,86.92,
167,03/17/2017,48.0,,48.00,,0.04,,86.96,
168,03/18/2017,47.88,,47.88,,0.20,,87.16,
169,03/19/2017,47.64,,47.64,,0.00,,87.16,
170,03/20/2017,47.28,,47.28,,0.44,,87.6,
171,03/21/2017,47.28,,47.28,,1.64,,89.24,
172,03/22/2017,47.76,,47.76,,0.92,,90.16,
173,03/23/2017,48.12,,48.12,,0.00,,90.16,
174,03/24/2017,48.72,,48.72,,1.24,,91.4,
175,03/25/2017,49.92,,49.92,,0.04,,91.44,
176,03/26/2017,50.28,,50.28,,0.64,,92.08,
177,03/27/2017,50.76,,50.76,,0.08,,92.16,
178,03/28/2017,51.0,,51.00,,0.00,,92.16,
179,03/29/2017,51.0,,51.00,,0.16,,92.32,
180,03/30/2017,51.36,,51.36,,0.48,,92.8,
181,03/31/2017,50.88,,50.88,,0.04,,92.84,
182,04/01/2017,50.88,,50.88,,0.00,,92.84,
183,04/02/2017,50.4,,50.40,,0.00,,92.84,
184,04/03/2017,49.92,,49.92,,0.00,,92.84,
185,04/04/2017,49.32,,49.32,,0.00,,92.84,
186,04/05/2017,48.96,,48.96,,0.00,,92.84,
187,04/06/2017,48.24,,48.24,,2.08,,94.92,
188,04/07/2017,43.32,,--,,2.64,,97.56,
189,04/08/2017,43.2,,--,,0.32,,97.88,
190,04/09/2017,42.72,,--,,0.04,,97.92,
191,04/10/2017,41.88,,--,,0.00,,97.92,
192,04/11/2017,40.92,,--,r,0.52,,98.44,
193,04/12/2017,40.56,,--,r,1.52,,99.96,
194,04/13/2017,40.56,,--,r,1.24,,101.2,
195,04/14/2017,40.44,,--,r,0.00,,101.2,
196,04/15/2017,39.96,,--,r,0.00,,101.2,
197,04/16/2017,39.48,,--,r,0.70,,101.9,
198,04/17/2017,39.24,,--,r,0.30,,102.2,
199,04/18/2017,39.12,,--,r,0.20,,102.4,
200,04/19/2017,38.04,,--,r,0.40,,102.8,
201,04/20/2017,37.56,,--,r,0.20,,103.0,
202,04/21/2017,37.2,,--,r,0.10,,103.1,
203,04/22/2017,36.24,,--,r,0.00,,103.1,
204,04/23/2017,35.04,,--,r,0.00,,103.1,
205,04/24/2017,34.44,,--,r,0.80,,103.9,
206,04/25/2017,34.44,,--,r,0.10,,104.0,
207,04/26/2017,34.32,,--,r,0.60,,104.6,
208,04/27/2017,33.72,,--,r,0.00,,104.6,
209,04/28/2017,32.76,,--,r,0.00,,104.6,
210,04/29/2017,32.04,,--,r,0.00,,104.6,
211,04/30/2017,31.32,,--,r,0.00,,104.6,
212,05/01/2017,30.96,,--,r,0.00,,104.6,
213,05/02/2017,30.24,,--,r,0.00,,104.6,
214,05/03/2017,29.52,,--,r,0.00,,104.6,
215,05/04/2017,28.92,,--,r,0.00,,104.6,
216,05/05/2017,28.2,,--,r,0.00,,104.6,
217,05/06/2017,26.76,,--,r,0.00,,104.6,
218,05/07/2017,25.32,,--,r,0.00,,104.6,
219,05/08/2017,24.72,,--,r,0.10,,104.7,
220,05/09/2017,23.76,,--,r,0.00,,104.7,
221,05/10/2017,23.04,,--,r,0.00,,104.7,
222,05/11/2017,22.44,,--,r,0.00,,104.7,
223,05/12/2017,21.48,,--,r,0.00,,104.7,
224,05/13/2017,20.28,,--,r,0.00,,104.7,
225,05/14/2017,19.56,,--,r,0.10,,104.8,
226,05/15/2017,18.84,,--,r,0.00,,104.8,
227,05/16/2017,18.48,,--,r,0.60,,105.4,
228,05/17/2017,18.12,,--,r,0.10,,105.5,
229,05/18/2017,17.64,,--,r,0.10,,105.6,
230,05/19/2017,17.4,,--,r,0.00,,105.6,
231,05/20/2017,17.16,,--,r,0.00,,105.6,
232,05/21/2017,16.32,,--,r,0.00,,105.6,
233,05/22/2017,15.48,,--,r,0.00,,105.6,
234,05/23/2017,14.64,,--,r,0.00,,105.6,
235,05/24/2017,13.68,,--,r,0.00,,105.6,
236,05/25/2017,12.48,,--,r,0.00,,105.6,
237,05/26/2017,11.16,,--,r,0.00,,105.6,
238,05/27/2017,10.08,,--,r,0.00,,105.6,
239,05/28/2017,9.12,,--,r,0.00,,105.6,
240,05/29/2017,8.04,,--,r,0.00,,105.6,
241,05/30/2017,6.96,,--,r,0.00,,105.6,
242,05/31/2017,6.0,,--,r,0.20,,105.8,
243,06/01/2017,5.28,,--,r,0.10,,105.9,
244,06/02/2017,4.2,,--,r,0.10,,106.0,
245,06/03/2017,3.36,,--,r,0.00,,106.0,
246,06/04/2017,2.52,,--,r,0.00,,106.0,
247,06/05/2017,1.44,,--,r,0.00,,106.0,
248,06/06/2017,0.48,,--,r,0.00,,106.0,
249,06/07/2017,0.12,,--,r,0.00,,106.0,
250,06/08/2017,-0.12,,--,r,0.10,,106.1,
251,06/09/2017,-0.36,,--,r,0.10,,106.2,
252,06/10/2017,-0.48,,--,r,0.00,,106.2,
253,06/11/2017,-0.6,,--,r,0.20,,106.4,
254,06/12/2017,-0.48,,--,r,0.20,,106.6,
255,06/13/2017,-0.6,,--,r,0.00,,106.6,
256,06/14/2017,-0.6,,--,r,0.10,,106.7,
257,06/15/2017,-0.6,,--,r,0.00,,106.7,
258,06/16/2017,-0.6,,--,r,0.00,,106.7,
259,06/17/2017,-0.6,,--,r,0.10,,106.8,
260,06/18/2017,-0.6,,--,r,0.00,,106.8,
261,06/19/2017,-0.6,,--,r,0.00,,106.8,
262,06/20/2017,-0.6,,--,r,0.00,,106.8,
263,06/21/2017,-0.6,,--,r,0.00,,106.8,
264,06/22/2017,-0.6,,--,r,0.00,,106.8,
265,06/23/2017,-0.6,,--,r,0.00,,106.8,
266,06/24/2017,-0.6,,--,r,0.00,,106.8,
267,06/25/2017,-0.6,,--,r,0.00,,106.8,
268,06/26/2017,-0.6,,--,r,0.00,,106.8,
269,06/27/2017,-0.72,,--,r,0.00,,106.8,
270,06/28/2017,-0.72,,--,r,0.00,,106.8,
271,06/29/2017,-0.6,,--,r,0.00,,106.8,
272,06/30/2017,-0.6,,--,r,0.00,,106.8,
273,07/01/2017,-0.6,,--,r,0.00,,106.8,
274,07/02/2017,-0.6,,--,r,0.00,,106.8,
275,07/03/2017,-0.6,,--,r,0.00,,106.8,
276,07/04/2017,-0.6,,--,r,0.00,,106.8,
277,07/05/2017,-0.6,,--,r,0.00,,106.8,
278,07/06/2017,-0.6,,--,r,0.00,,106.8,
279,07/07/2017,-0.6,,--,r,0.00,,106.8,
280,07/08/2017,-0.6,,--,r,0.00,,106.8,
281,07/09/2017,0.0,,--,r,0.00,,106.8,
282,07/10/2017,-0.12,,--,r,0.00,,106.8,
283,07/11/2017,-0.12,,--,r,0.00,,106.8,
284,07/12/2017,-0.12,,--,r,0.00,,106.8,
285,07/13/2017,-0.12,,--,r,0.00,,106.8,
286,07/14/2017,-0.12,,--,r,0.00,,106.8,
287,07/15/2017,0.0,,--,r,0.00,,106.8,
288,07/16/2017,0.0,,--,r,0.00,,106.8,
289,07/17/2017,0.0,,--,r,0.00,,106.8,
290,07/18/2017,0.0,,--,r,0.00,,106.8,
291,07/19/2017,0.0,,--,r,0.00,,106.8,
292,07/20/2017,0.0,,--,r,0.00,,106.8,
293,07/21/2017,0.0,,--,r,0.00,,106.8,
294,07/22/2017,0.0,,--,r,0.00,,106.8,
295,07/23/2017,0.0,,--,r,0.00,,106.8,
296,07/24/2017,0.0,,--,r,0.00,,106.8,
297,07/25/2017,0.0,,--,r,0.00,,106.8,
298,07/26/2017,0.0,,--,r,0.00,,106.8,
299,07/27/2017,0.0,,--,r,0.00,,106.8,
300,07/28/2017,0.0,,--,r,0.00,,106.8,
301,07/29/2017,0.0,,--,r,0.00,,106.8,
302,07/30/2017,0.0,,--,r,0.00,,106.8,
303,07/31/2017,0.0,,--,r,0.10,,106.9,
304,08/01/2017,0.0,,--,r,0.00,,106.9,
305,08/02/2017,0.0,,--,r,0.00,,106.9,
306,08/03/2017,0.0,,--,r,0.00,,106.9,
307,08/04/2017,0.0,,--,r,0.00,,106.9,
308,08/05/2017,0.0,,--,r,0.00,,106.9,
309,08/06/2017,0.0,,--,r,0.00,,106.9,
310,08/07/2017,0.0,,--,r,0.10,,107.0,
311,08/08/2017,0.0,,--,r,0.10,,107.1,
312,08/09/2017,-0.12,,--,r,0.00,,107.1,
313,08/10/2017,0.0,,--,r,0.00,,107.1,
314,08/11/2017,-0.12,,--,r,0.00,,107.1,
315,08/12/2017,-0.12,,--,r,0.00,,107.1,
316,08/13/2017,-0.12,,--,r,0.00,,107.1,
317,08/14/2017,-0.12,,--,r,0.00,,107.1,
318,08/15/2017,0.0,,--,r,0.00,,107.1,
319,08/16/2017,0.0,,--,r,0.00,,107.1,
320,08/17/2017,0.0,,--,r,0.00,,107.1,
321,08/18/2017,0.0,,--,r,0.10,,107.2,
322,08/19/2017,0.0,,--,r,0.00,,107.2,
323,08/20/2017,0.0,,--,r,0.00,,107.2,
324,08/21/2017,0.0,,--,r,0.00,,107.2,
325,08/22/2017,0.0,,--,r,0.00,,107.2,
326,08/23/2017,0.0,,--,r,0.00,,107.2,
327,08/24/2017,0.0,,--,r,0.00,,107.2,
328,08/25/2017,0.0,,--,r,0.00,,107.2,
329,08/26/2017,0.0,,--,r,0.00,,107.2,
330,08/27/2017,0.0,,--,r,0.00,,107.2,
331,08/28/2017,0.0,,--,r,0.00,,107.2,
332,08/29/2017,0.0,,--,r,0.00,,107.2,
333,08/30/2017,0.0,,--,r,0.00,,107.2,
334,08/31/2017,0.0,,--,r,0.00,,107.2,
335,09/01/2017,0.0,,--,r,0.00,,107.2,
336,09/02/2017,0.12,,--,r,0.00,,107.2,
337,09/03/2017,0.12,,--,r,0.00,,107.2,
338,09/04/2017,0.12,,--,r,0.00,,107.2,
339,09/05/2017,0.0,,--,r,0.10,,107.3,
340,09/06/2017,0.12,,--,r,0.00,,107.3,
341,09/07/2017,0.0,,--,r,0.00,,107.3,
342,09/08/2017,0.0,,--,r,0.00,,107.3,
343,09/09/2017,0.0,,--,r,0.00,,107.3,
344,09/10/2017,0.0,,--,r,0.00,,107.3,
345,09/11/2017,0.0,,--,r,0.00,,107.3,
346,09/12/2017,0.0,,--,r,0.00,,107.3,
347,09/13/2017,0.12,,--,r,0.00,,107.3,
348,09/14/2017,0.12,,--,r,0.00,,107.3,
349,09/15/2017,0.0,,--,r,0.00,,107.3,
350,09/16/2017,0.0,,--,r,0.00,,107.3,
351,09/17/2017,0.0,,--,r,0.00,,107.3,
352,09/18/2017,0.0,,--,r,0.00,,107.3,
353,09/19/2017,0.12,,--,r,0.00,,107.3,
354,09/20/2017,0.0,,--,r,0.00,,107.3,
355,09/21/2017,0.12,,--,r,0.10,,107.4,
356,09/22/2017,0.24,,--,r,0.20,,107.6,
357,09/23/2017,0.12,,--,r,0.00,,107.6,
358,09/24/2017,0.0,,--,r,0.00,,107.6,
359,09/25/2017,0.12,,--,r,0.00,,107.6,
360,09/26/2017,0.12,,--,r,0.00,,107.6,
361,09/27/2017,0.12,,--,r,0.00,,107.6,
362,09/28/2017,0.12,,--,r,0.10,,107.7,
363,09/29/2017,0.12,,--,r,--,,107.7,
364,09/30/2017,0.12,,--,r,0.00,,107.7,
